0.157667 157
1.697968 4
0.173372 10
0.159886 6
0.273066 145
0.655073 183
0.419978 52
0.411947 54
0.803955 2
0.057357 448
0.000021 173
0.000022 171
0.000052 679
0.012353 160
25.465012 1
0.062102 1
0.111104 1
0.159825 1
0.048052 1
0.112268 1
0.705727 9
0.846120 4
0.057909 37
0.000217 117
0.000392 792
0.000218 50
0.000240 42
0.000190 50
0.000326 7
0.131845 31
0.000215 39
0.050693 46
0.000177 59
0.000222 777
0.002858 44
0.000549 1667
0.000322 38
0.000150 14
0.000297 7
0.008428 31
0.000362 41
0.050669 47
0.000211 52
0.000308 908
0.001496 46
0.000379 660
0.000228 39
0.000228 16
0.000197 8
0.106950 32
0.000270 42
0.050664 47
0.000201 52
0.000286 429
0.001903 46
0.000219 827
0.000290 39
0.000120 16
0.000247 8
0.393731 81
0.000740 46
0.464169 2
0.101966 157
0.217036 1
0.097147 1
0.639796 1
0.191881 1
0.046663 1
0.113165 1
0.127136 2
0.102063 60
0.000121 37
0.000127 26
0.179640 157
2.039459 1
0.191987 1
0.080731 1
0.159611 1
0.158286 2
0.090313 256
0.016098 157
0.533692 1
0.208957 1
0.014779 1
0.193437 1
0.125496 2
0.095614 25
0.018834 157
0.415790 1
0.223332 1
0.064732 1
0.111902 1
0.095839 2
0.001816 8
